0.000000,0.000000
1.293000,0.052632
2.519000,0.368421
3.835000,0.421053
5.098000,0.368421
6.356000,0.526316
7.600000,0.736842
8.854000,0.578947
10.118000,0.391579
11.369000,0.391579
12.625000,0.496842
13.863000,0.602105
15.141000,0.602105
16.386000,0.654737
17.641000,0.707368
18.873000,0.760000
20.134000,0.760000
21.388000,0.760000
22.676000,0.552632
23.916000,0.605263
25.170000,0.605263
26.416000,0.605263
27.682000,0.605263
28.936000,0.657895
30.181000,0.710526
31.445000,0.710526
32.706000,0.763158
33.957000,0.763158
35.195000,0.710526
36.452000,0.710526
37.705000,0.763158
38.951000,0.763158
40.191000,0.815789
41.457000,0.815789
42.714000,0.815789
43.981000,0.815789
45.217000,0.815789
46.476000,0.815789
47.724000,0.868421
48.985000,0.868421
50.224000,0.868421
51.477000,0.868421
52.737000,0.868421
53.993000,0.868421
55.227000,0.868421
56.501000,0.868421
57.762000,0.868421
59.008000,0.868421
60.244000,0.921053
61.490000,0.921053
62.754000,0.921053
64.028000,0.921053
65.261000,0.973684
66.517000,0.973684
67.769000,0.973684
69.026000,0.973684
70.284000,0.973684
71.530000,1.026316
72.782000,0.746316
74.038000,0.896316
75.281000,0.896316
76.537000,0.896316
77.793000,0.896316
79.046000,0.896316
80.307000,0.896316
81.545000,0.896316
82.795000,0.896316
84.035000,0.948947
85.315000,0.948947
86.558000,1.001579
87.816000,1.001579
89.086000,1.001579
90.338000,1.001579
91.573000,1.001579
92.832000,0.948947
94.080000,0.948947
95.317000,1.001579
96.555000,1.001579
97.840000,1.001579
99.079000,1.054211
100.344000,1.054211
101.572000,1.054211
102.851000,1.054211
104.100000,1.054211
105.355000,1.054211
106.614000,1.106842
107.864000,1.106842
109.110000,1.106842
110.391000,1.106842
111.650000,1.106842
112.895000,1.106842
114.140000,1.106842
115.398000,1.106842
116.638000,1.106842
117.898000,1.106842
119.242000,1.106842
120.493000,1.106842
121.744000,1.106842
123.032000,0.956842
124.506000,1.009474
125.811000,1.062105
127.285000,1.062105
128.674000,1.062105
130.018000,1.062105
131.272000,1.062105
132.551000,1.062105
133.783000,1.062105
135.062000,1.062105
136.302000,1.062105
137.578000,1.062105
138.816000,1.062105
140.086000,1.062105
141.328000,1.114737
142.586000,1.114737
143.855000,1.062105
145.120000,1.272632
146.438000,1.062105
147.697000,1.062105
148.949000,1.114737
150.204000,1.114737
151.496000,1.114737
152.729000,1.114737
153.974000,1.114737
155.215000,1.114737
156.480000,1.114737
157.739000,1.167368
158.964000,1.325263
160.211000,1.325263
161.447000,1.325263
162.689000,1.325263
163.925000,1.325263
165.168000,1.167368
166.410000,1.167368
167.650000,1.167368
168.909000,1.167368
170.160000,1.167368
171.392000,1.167368
172.628000,1.167368
173.882000,1.167368
175.139000,1.167368
176.397000,1.167368
177.626000,1.167368
178.895000,1.167368
180.130000,1.167368
181.380000,1.167368
182.619000,1.167368
183.878000,1.167368
185.128000,1.167368
186.367000,1.167368
187.600000,1.220000
188.850000,1.220000
190.085000,1.167368
191.318000,1.167368
192.564000,1.220000
193.840000,1.167368
195.074000,1.220000
196.303000,1.272632
197.562000,1.272632
198.804000,1.272632
200.069000,1.272632
201.317000,1.272632
202.568000,1.072632
203.820000,1.192632
205.052000,1.192632
206.287000,1.192632
207.530000,1.192632
208.797000,1.245263
210.057000,1.245263
211.298000,1.245263
212.560000,1.245263
213.798000,1.245263
215.039000,1.245263
216.278000,1.297895
217.531000,1.177895
218.781000,1.457895
220.019000,1.457895
221.279000,1.457895
222.546000,1.510526
223.790000,1.520526
225.060000,1.520526
226.291000,1.520526
227.649000,1.520526
228.914000,1.520526
230.160000,1.520526
231.415000,1.520526
232.645000,1.520526
233.917000,1.678421
235.173000,1.678421
236.405000,1.678421
237.637000,1.678421
238.899000,1.731053
240.150000,1.520526
241.411000,1.678421
242.658000,1.625789
243.910000,1.573158
245.148000,1.625789
246.373000,1.783684
247.626000,1.783684
248.881000,1.783684
250.152000,1.783684
251.409000,1.783684
252.643000,1.625789
253.928000,1.783684
255.183000,1.678421
256.437000,1.678421
257.704000,1.625789
258.966000,1.625789
260.223000,1.625789
261.462000,1.678421
262.699000,1.836316
263.943000,1.731053
265.196000,1.731053
266.457000,1.731053
267.703000,1.731053
268.968000,1.731053
270.216000,1.731053
271.465000,1.836316
272.703000,1.731053
273.964000,1.731053
275.221000,1.731053
276.479000,1.731053
277.700000,1.731053
278.957000,1.731053
280.193000,1.731053
281.459000,1.731053
282.707000,1.731053
283.964000,1.731053
285.211000,1.783684
286.467000,1.783684
287.715000,1.731053
288.968000,1.783684
290.220000,1.783684
291.475000,1.783684
292.704000,1.731053
293.980000,1.731053
295.254000,1.783684
296.501000,1.783684
297.731000,1.783684
298.977000,1.783684
300.240000,1.783684
301.479000,1.783684
302.713000,1.783684
303.992000,1.783684
305.227000,1.783684
306.476000,1.783684
307.700000,1.836316
308.987000,1.783684
310.221000,1.836316
311.458000,1.836316
312.699000,1.836316
313.958000,1.836316
315.207000,1.836316
316.452000,1.836316
317.686000,1.836316
318.962000,1.836316
320.191000,1.836316
321.447000,1.836316
322.684000,1.836316
323.923000,1.836316
325.172000,1.836316
326.406000,1.836316
327.663000,2.023684
328.906000,2.023684
330.161000,2.023684
331.403000,2.023684
332.661000,2.023684
333.903000,1.971053
335.164000,2.023684
336.389000,2.023684
337.646000,2.023684
338.891000,2.023684
340.146000,2.023684
341.382000,2.023684
342.642000,2.023684
343.889000,2.023684
345.144000,2.023684
346.388000,1.971053
347.634000,1.971053
348.900000,1.971053
350.157000,1.971053
351.396000,2.023684
352.682000,1.971053
353.941000,2.023684
355.198000,2.234211
356.439000,1.971053
357.696000,1.971053
358.953000,2.023684
360.192000,2.023684
361.438000,2.023684
362.694000,2.023684
363.932000,2.023684
365.197000,2.076316
366.436000,2.023684
367.710000,2.023684
368.979000,2.023684
370.224000,2.076316
371.486000,1.971053
372.738000,2.234211
374.020000,2.076316
375.272000,2.023684
376.506000,2.023684
377.745000,2.076316
378.989000,2.023684
380.249000,1.971053
381.571000,1.971053
382.824000,2.023684
384.060000,2.286842
385.313000,2.076316
386.577000,2.076316
387.833000,1.971053
389.073000,2.076316
390.337000,1.971053
391.581000,2.076316
392.824000,2.076316
394.063000,2.023684
395.308000,2.076316
396.581000,2.076316
397.832000,2.076316
399.067000,2.023684
400.000000,2.076316
