0.000000,0.000000
5.056000,0.166667
7.562000,0.166667
10.049000,0.055556
12.574000,0.111111
15.070000,0.111111
17.582000,0.166667
20.076000,0.166667
22.602000,0.172222
25.126000,0.172222
27.640000,0.227778
30.160000,0.227778
32.855000,0.227778
35.331000,0.227778
37.832000,0.227778
40.314000,0.227778
42.810000,0.283333
45.313000,0.283333
50.323000,0.338889
52.812000,0.450000
55.307000,0.283333
57.814000,0.338889
60.315000,0.338889
62.797000,0.338889
65.281000,0.338889
67.807000,0.338889
70.305000,0.394444
72.808000,0.338889
75.338000,0.338889
77.828000,0.394444
80.349000,0.394444
82.864000,0.394444
85.333000,0.394444
87.847000,0.394444
90.345000,0.450000
92.839000,0.450000
95.324000,0.450000
97.836000,0.450000
100.320000,0.450000
102.855000,0.450000
105.338000,0.450000
107.869000,0.505556
110.349000,0.505556
112.859000,0.450000
115.357000,0.561111
117.911000,0.561111
120.418000,0.561111
122.908000,0.672222
125.382000,0.561111
127.891000,0.561111
130.359000,0.672222
132.858000,0.561111
135.345000,0.561111
137.852000,0.561111
140.326000,0.561111
142.836000,0.561111
145.324000,0.505556
147.842000,0.505556
150.312000,0.505556
152.838000,0.561111
155.318000,0.561111
157.810000,0.561111
160.307000,0.505556
162.813000,0.561111
165.396000,0.561111
167.928000,0.561111
170.414000,0.561111
172.896000,0.561111
175.431000,0.561111
177.910000,0.561111
180.432000,0.616667
182.956000,0.616667
185.451000,0.616667
187.962000,0.616667
190.455000,0.616667
192.973000,0.616667
195.555000,0.616667
198.125000,0.616667
200.630000,0.616667
203.107000,0.616667
205.604000,0.616667
208.097000,0.616667
210.594000,0.616667
213.067000,0.616667
215.557000,0.616667
218.046000,0.616667
220.563000,0.616667
223.032000,0.616667
225.547000,0.616667
228.021000,0.616667
230.531000,0.666667
233.017000,0.722222
235.571000,0.666667
238.029000,0.722222
240.546000,0.666667
243.028000,0.666667
245.564000,0.722222
248.204000,0.666667
250.696000,0.666667
253.183000,0.722222
255.728000,0.722222
258.218000,0.722222
260.719000,0.722222
263.195000,0.722222
265.679000,0.722222
268.215000,0.722222
270.698000,0.722222
273.217000,0.722222
275.680000,0.777778
278.189000,0.722222
280.729000,0.722222
283.302000,0.722222
285.827000,0.777778
288.337000,0.777778
290.924000,0.777778
293.469000,0.722222
295.992000,0.777778
298.572000,0.777778
301.084000,0.777778
303.624000,0.777778
306.104000,0.777778
308.593000,0.777778
311.077000,0.777778
313.568000,0.777778
316.058000,0.777778
318.551000,0.777778
321.061000,0.833333
323.557000,0.777778
326.015000,0.833333
328.529000,0.777778
331.050000,0.833333
333.551000,0.833333
336.018000,0.777778
338.610000,0.777778
341.110000,0.833333
343.607000,0.833333
346.129000,0.833333
348.619000,0.833333
351.122000,0.833333
353.625000,0.833333
356.111000,0.833333
358.588000,0.777778
361.087000,0.833333
363.581000,0.833333
366.058000,0.833333
368.558000,0.833333
371.065000,0.833333
373.572000,0.833333
376.044000,0.833333
378.546000,0.833333
381.044000,0.833333
383.590000,0.833333
386.129000,0.888889
388.628000,0.833333
391.168000,0.833333
393.645000,0.833333
396.131000,0.833333
398.622000,0.833333
401.132000,0.833333
403.610000,0.833333
406.108000,0.888889
408.588000,0.888889
411.080000,0.833333
413.591000,0.888889
416.071000,0.833333
418.574000,0.833333
421.041000,0.888889
423.535000,0.888889
426.016000,0.888889
428.496000,0.888889
431.056000,0.888889
433.540000,0.833333
436.040000,0.833333
438.557000,0.888889
441.056000,0.888889
443.560000,0.888889
446.068000,0.833333
448.575000,0.888889
451.058000,0.833333
453.548000,0.888889
456.021000,0.888889
458.555000,0.888889
461.069000,0.888889
463.557000,0.888889
466.081000,0.888889
468.585000,0.888889
471.051000,0.888889
473.548000,0.888889
476.026000,0.888889
478.538000,0.888889
481.004000,0.888889
483.506000,0.888889
486.009000,0.944444
488.536000,0.944444
491.031000,0.944444
493.539000,0.888889
496.020000,0.888889
498.580000,0.944444
501.078000,0.944444
503.590000,0.944444
506.170000,0.944444
508.639000,0.944444
511.121000,0.944444
513.618000,0.944444
516.119000,1.000000
518.600000,0.944444
521.082000,0.944444
523.583000,0.944444
526.057000,0.944444
528.579000,0.944444
531.062000,0.944444
533.550000,0.944444
536.031000,0.944444
538.544000,1.000000
541.038000,1.000000
543.519000,0.944444
546.008000,0.944444
548.550000,1.000000
551.052000,1.000000
553.571000,1.000000
556.079000,1.000000
558.579000,1.000000
561.023000,1.000000
563.550000,0.944444
566.070000,0.944444
568.629000,0.944444
571.120000,1.000000
573.611000,0.944444
576.095000,0.944444
578.580000,0.944444
581.070000,0.944444
583.573000,0.944444
586.047000,1.000000
588.533000,1.000000
591.015000,1.000000
593.550000,0.944444
596.048000,1.000000
598.544000,0.944444
601.019000,0.944444
603.560000,1.000000
606.060000,1.111111
608.578000,0.944444
611.120000,1.000000
613.640000,1.000000
616.159000,1.000000
618.660000,1.000000
621.157000,1.055556
623.626000,1.000000
626.114000,1.055556
628.603000,1.055556
631.115000,1.055556
633.600000,1.055556
636.128000,1.000000
638.605000,1.055556
641.115000,1.000000
643.600000,1.055556
646.113000,1.000000
648.607000,1.000000
651.103000,1.055556
653.608000,1.000000
656.106000,1.055556
658.592000,1.055556
661.118000,1.055556
663.617000,1.055556
666.101000,1.055556
668.595000,1.055556
671.111000,1.000000
673.602000,1.055556
676.087000,1.055556
678.585000,1.055556
681.068000,1.055556
683.570000,1.055556
686.049000,1.055556
688.535000,1.055556
691.032000,1.055556
693.519000,1.055556
695.992000,1.055556
698.494000,1.055556
700.994000,1.055556
703.512000,1.055556
706.115000,1.055556
708.590000,1.055556
711.069000,1.055556
713.552000,1.055556
716.056000,1.055556
718.568000,1.055556
721.056000,1.111111
723.553000,1.111111
726.021000,1.111111
728.509000,1.111111
730.997000,1.111111
733.529000,1.055556
736.004000,1.111111
738.560000,1.111111
741.391000,1.055556
743.963000,1.055556
746.475000,1.111111
749.119000,1.055556
751.769000,1.055556
754.292000,1.111111
756.961000,1.111111
759.545000,1.111111
762.257000,1.111111
764.886000,1.111111
767.695000,1.111111
770.326000,1.111111
772.911000,1.111111
775.574000,1.111111
778.132000,1.111111
780.725000,1.111111
783.287000,1.111111
785.992000,1.111111
788.505000,1.111111
790.981000,1.111111
793.661000,1.111111
796.212000,1.111111
798.783000,1.111111
801.388000,1.111111
803.978000,1.111111
806.509000,1.111111
809.082000,1.111111
811.665000,1.111111
814.265000,1.111111
816.870000,1.111111
819.498000,1.111111
822.135000,1.111111
824.630000,1.111111
827.198000,1.111111
829.844000,1.111111
832.368000,1.111111
834.915000,1.111111
837.524000,1.111111
840.322000,1.111111
842.851000,1.111111
845.390000,1.111111
848.050000,1.111111
850.709000,1.166667
853.301000,1.111111
855.831000,1.111111
858.387000,1.111111
860.947000,1.111111
863.546000,1.111111
866.119000,1.166667
868.971000,1.166667
871.590000,1.111111
874.212000,1.166667
877.029000,1.111111
879.684000,1.111111
882.402000,1.111111
884.885000,1.111111
887.434000,1.111111
889.966000,1.111111
892.476000,1.111111
894.981000,1.111111
897.498000,1.111111
900.035000,1.111111
902.578000,1.111111
905.067000,1.111111
907.606000,1.111111
910.823000,1.111111
913.394000,1.111111
915.942000,1.111111
918.465000,1.111111
920.000000,1.111111
