0.000000,0.000000
1.273000,0.058824
6.318000,0.058824
7.548000,0.117647
10.054000,0.058824
11.320000,0.058824
12.571000,0.058824
13.829000,0.058824
15.087000,0.294118
16.332000,0.117647
17.600000,0.352941
18.865000,0.294118
20.100000,0.294118
21.339000,0.294118
22.596000,0.294118
23.832000,0.294118
25.108000,0.352941
26.350000,0.352941
27.609000,0.802941
28.861000,0.861765
30.119000,0.861765
31.369000,0.861765
32.642000,0.920588
33.903000,0.920588
35.159000,1.170588
36.399000,1.170588
37.657000,1.170588
38.897000,1.170588
40.145000,1.229412
41.377000,1.229412
42.640000,1.229412
43.894000,1.229412
45.150000,1.229412
46.388000,1.229412
47.646000,1.288235
48.903000,1.288235
50.158000,1.288235
51.397000,1.288235
52.662000,1.288235
53.918000,1.288235
55.217000,1.288235
56.459000,1.288235
57.704000,1.347059
58.987000,1.347059
60.230000,1.347059
61.553000,1.523529
62.820000,1.347059
64.058000,1.523529
65.323000,1.523529
66.569000,1.523529
67.829000,1.523529
69.078000,1.347059
70.346000,1.405882
71.606000,1.405882
72.871000,1.332353
74.128000,1.097059
75.369000,1.391176
76.628000,1.685294
77.878000,1.450000
79.137000,1.508824
80.377000,1.626471
81.635000,1.626471
82.888000,1.685294
84.147000,1.235294
85.393000,1.294118
86.705000,1.352941
87.965000,1.411765
89.218000,1.411765
90.477000,1.470588
91.723000,1.529412
92.978000,1.588235
94.216000,1.288235
95.465000,1.347059
96.714000,1.405882
97.978000,1.405882
99.243000,1.464706
100.485000,1.464706
101.724000,1.523529
102.993000,1.523529
104.232000,1.523529
105.482000,1.523529
106.720000,1.582353
107.976000,1.582353
109.228000,1.282353
110.469000,1.282353
111.719000,1.341176
112.987000,1.400000
114.263000,1.341176
115.532000,1.400000
116.769000,1.400000
118.029000,1.400000
119.275000,1.458824
120.531000,1.400000
121.774000,1.400000
123.036000,1.458824
124.291000,1.458824
125.544000,1.458824
126.807000,1.458824
128.038000,1.458824
129.298000,1.458824
130.561000,1.458824
131.816000,1.458824
133.058000,1.517647
134.321000,1.458824
135.572000,1.458824
136.828000,1.458824
138.071000,1.458824
139.337000,1.458824
140.583000,1.517647
141.841000,1.517647
143.098000,1.517647
144.370000,1.517647
145.617000,1.517647
146.857000,1.517647
148.101000,1.517647
149.375000,1.517647
150.629000,1.517647
151.952000,1.517647
153.205000,1.517647
154.452000,1.517647
155.720000,1.517647
156.995000,1.576471
158.257000,1.517647
159.503000,1.576471
160.756000,1.517647
162.038000,1.576471
163.288000,1.576471
164.555000,1.576471
165.796000,1.517647
167.062000,1.576471
168.300000,1.576471
169.638000,1.576471
170.887000,1.517647
172.144000,1.576471
173.399000,1.576471
174.659000,1.576471
175.950000,1.576471
177.195000,1.576471
178.430000,1.576471
179.704000,1.576471
180.943000,1.576471
182.188000,1.635294
183.423000,1.694118
184.685000,1.694118
185.939000,1.694118
187.199000,1.694118
188.443000,1.635294
189.699000,1.694118
190.948000,1.694118
192.206000,1.694118
193.438000,1.635294
194.706000,1.694118
195.942000,1.694118
197.188000,1.694118
198.435000,1.694118
199.714000,1.694118
200.968000,1.694118
202.237000,1.694118
203.472000,1.694118
204.722000,1.694118
205.978000,1.694118
207.267000,1.694118
208.494000,1.694118
209.763000,1.635294
211.012000,1.694118
212.278000,1.694118
213.534000,1.694118
214.800000,1.694118
216.075000,1.694118
217.325000,1.752941
218.578000,1.752941
219.820000,1.752941
221.086000,1.752941
222.361000,1.752941
223.596000,2.052941
226.092000,1.994118
227.365000,2.229412
229.885000,2.229412
231.133000,2.170588
232.391000,2.170588
233.665000,2.229412
234.955000,2.229412
236.215000,2.229412
237.458000,2.464706
238.739000,2.464706
240.012000,2.288235
241.248000,2.288235
242.494000,2.288235
243.759000,2.288235
245.017000,2.347059
246.267000,2.347059
247.508000,2.347059
248.770000,2.347059
250.053000,2.347059
251.309000,2.347059
252.595000,2.347059
253.840000,2.347059
255.156000,2.229412
256.414000,2.229412
257.670000,2.464706
258.960000,2.464706
260.265000,2.464706
261.502000,2.464706
262.772000,2.464706
264.029000,2.464706
265.293000,2.464706
266.529000,2.464706
267.796000,2.464706
269.050000,2.288235
270.298000,2.347059
271.541000,2.523529
272.796000,2.523529
274.050000,2.405882
275.305000,2.582353
276.570000,2.523529
277.824000,2.582353
279.100000,2.288235
280.359000,2.582353
281.607000,2.582353
282.843000,2.582353
284.094000,2.582353
285.361000,2.582353
286.642000,2.641176
287.875000,2.641176
289.140000,2.641176
290.390000,2.641176
291.666000,2.641176
292.918000,2.641176
294.162000,2.641176
296.677000,2.641176
297.930000,2.641176
299.180000,2.641176
300.464000,2.641176
301.715000,2.700000
302.980000,2.641176
304.209000,2.700000
305.464000,2.700000
306.718000,2.700000
307.994000,2.700000
309.241000,2.700000
310.513000,2.700000
311.769000,2.700000
313.018000,2.700000
314.282000,2.758824
315.537000,2.758824
316.808000,2.758824
318.057000,2.758824
319.317000,2.700000
320.577000,2.758824
321.841000,2.758824
323.114000,2.758824
324.372000,2.758824
325.619000,2.758824
326.863000,2.758824
328.146000,2.758824
329.398000,2.817647
330.671000,2.817647
331.920000,2.817647
333.179000,2.817647
334.445000,2.817647
335.758000,2.817647
337.018000,2.817647
338.275000,2.876471
339.528000,2.817647
340.798000,2.876471
342.057000,2.876471
343.316000,2.876471
344.562000,2.876471
345.816000,2.876471
347.066000,2.876471
348.326000,2.876471
349.549000,2.876471
350.829000,2.876471
352.077000,2.817647
353.343000,2.876471
354.594000,2.935294
355.868000,2.935294
357.129000,2.876471
358.377000,2.876471
359.643000,2.876471
360.885000,2.876471
362.137000,2.994118
363.389000,2.935294
364.646000,2.994118
365.886000,2.935294
367.139000,2.935294
369.661000,2.994118
370.906000,2.758824
372.178000,2.994118
373.425000,2.994118
374.670000,2.994118
375.906000,2.700000
377.174000,2.994118
378.419000,2.994118
379.684000,2.994118
380.922000,2.994118
383.425000,2.994118
384.683000,2.994118
385.929000,3.052941
387.185000,3.052941
388.463000,3.052941
389.700000,3.052941
390.939000,3.052941
392.203000,3.111765
393.450000,3.111765
394.708000,3.052941
395.943000,3.111765
397.202000,3.111765
398.451000,3.111765
399.715000,3.111765
400.978000,3.052941
402.220000,3.111765
403.540000,2.935294
404.777000,3.111765
406.040000,3.111765
407.316000,3.170588
408.557000,3.170588
410.000000,3.170588
