0.000000,0.000000
1.258000,0.400000
2.512000,0.457143
6.298000,0.635714
7.536000,0.635714
8.803000,0.692857
11.302000,0.514286
12.531000,0.571429
13.809000,0.571429
15.066000,0.628571
16.317000,0.742857
17.553000,0.492857
18.819000,0.550000
20.069000,0.607143
21.328000,0.664286
22.565000,0.664286
23.815000,0.721429
25.053000,0.721429
26.325000,0.721429
27.559000,0.721429
28.812000,0.835714
30.074000,0.835714
31.322000,0.778571
32.556000,0.892857
33.828000,0.892857
35.076000,0.778571
36.333000,0.892857
37.569000,0.950000
38.832000,1.007143
40.078000,1.007143
41.347000,0.950000
42.586000,1.064286
43.844000,1.064286
45.095000,1.064286
46.338000,1.064286
47.566000,1.064286
50.077000,0.921429
51.321000,0.921429
52.562000,0.921429
53.829000,0.921429
55.076000,0.921429
56.311000,0.921429
57.556000,0.978571
58.832000,0.921429
60.087000,0.978571
61.345000,0.921429
62.587000,0.978571
63.837000,1.035714
65.116000,1.035714
66.357000,1.035714
67.583000,1.035714
68.832000,1.035714
70.071000,1.035714
71.321000,1.035714
72.569000,1.092857
73.833000,1.035714
75.078000,1.035714
76.329000,1.035714
77.569000,1.035714
78.824000,1.092857
80.072000,1.092857
81.326000,1.092857
82.568000,1.092857
83.828000,1.092857
85.084000,1.092857
86.337000,1.092857
87.566000,1.150000
88.798000,1.092857
90.046000,1.150000
91.289000,1.092857
92.541000,1.092857
93.808000,1.207143
95.049000,1.207143
96.282000,1.150000
97.552000,1.150000
98.800000,1.092857
100.054000,1.207143
101.286000,1.150000
102.544000,1.207143
103.788000,1.150000
105.036000,1.264286
106.269000,1.264286
107.528000,1.264286
108.775000,1.264286
110.017000,1.207143
111.251000,1.207143
112.511000,1.264286
113.762000,1.207143
115.017000,1.264286
116.254000,1.264286
117.518000,1.271429
118.773000,1.385714
120.027000,1.271429
121.256000,1.271429
122.547000,1.271429
123.811000,1.271429
125.057000,1.271429
126.286000,1.271429
127.541000,1.271429
128.790000,1.271429
130.048000,1.271429
131.292000,1.214286
132.556000,1.271429
133.801000,1.271429
135.062000,1.271429
136.301000,1.328571
137.563000,1.271429
138.811000,1.385714
140.069000,1.271429
141.302000,1.328571
142.568000,1.328571
143.814000,1.328571
145.055000,1.328571
146.291000,1.328571
147.533000,1.271429
148.775000,1.271429
150.018000,1.271429
151.261000,1.328571
152.534000,1.328571
153.779000,1.328571
155.040000,1.271429
156.280000,1.328571
157.529000,1.328571
158.787000,1.385714
160.045000,1.328571
161.275000,1.385714
162.531000,1.385714
163.778000,1.385714
165.011000,1.271429
166.261000,1.385714
167.521000,1.385714
168.787000,1.385714
170.038000,1.385714
171.306000,1.385714
172.602000,1.385714
173.854000,1.442857
175.105000,1.385714
176.328000,1.385714
177.587000,1.442857
178.830000,1.442857
180.104000,1.442857
181.347000,1.385714
182.596000,1.385714
183.843000,1.442857
185.101000,1.442857
186.340000,1.442857
187.584000,1.385714
188.819000,1.442857
190.079000,1.442857
191.313000,1.442857
192.578000,1.442857
193.811000,1.442857
195.053000,1.442857
196.297000,1.442857
197.548000,1.442857
198.807000,1.442857
200.069000,1.442857
201.302000,1.442857
202.573000,1.500000
203.825000,1.500000
205.076000,1.550000
206.303000,1.550000
207.572000,1.550000
208.833000,1.492857
210.085000,1.550000
211.326000,1.492857
212.598000,1.550000
218.844000,1.400000
220.080000,1.400000
221.310000,1.400000
222.612000,1.400000
223.924000,1.457143
225.179000,1.457143
226.434000,1.514286
227.673000,1.514286
228.923000,1.514286
230.164000,1.571429
231.406000,1.628571
232.644000,1.685714
233.922000,1.742857
235.167000,1.650000
236.410000,1.878571
237.651000,1.707143
238.917000,1.764286
240.182000,1.821429
241.431000,1.878571
242.670000,1.878571
243.951000,1.935714
245.203000,1.992857
246.454000,2.050000
247.685000,2.050000
248.952000,2.107143
250.208000,2.107143
251.461000,1.914286
252.701000,1.914286
253.945000,1.914286
255.182000,2.371429
256.441000,1.971429
257.681000,2.142857
258.939000,2.142857
260.191000,2.028571
261.446000,2.142857
262.685000,2.142857
263.942000,2.142857
265.199000,2.142857
266.438000,2.085714
267.670000,2.085714
268.920000,2.085714
270.187000,2.085714
271.440000,2.085714
272.677000,2.142857
273.941000,2.142857
275.189000,2.085714
276.429000,2.542857
277.665000,2.200000
278.951000,2.200000
280.183000,2.200000
281.416000,2.200000
282.663000,2.200000
283.930000,2.200000
285.194000,2.200000
286.444000,2.200000
287.684000,2.200000
288.949000,2.200000
290.219000,2.200000
291.475000,2.200000
292.728000,2.200000
293.963000,2.200000
295.229000,2.257143
296.473000,2.257143
297.713000,2.257143
299.007000,2.257143
300.244000,2.257143
301.516000,2.257143
302.768000,2.257143
304.042000,2.257143
305.295000,2.257143
306.569000,2.257143
307.829000,2.257143
309.090000,2.257143
310.355000,2.257143
311.636000,2.314286
312.897000,2.314286
314.192000,2.314286
315.426000,2.314286
316.699000,2.314286
317.974000,2.314286
319.258000,2.314286
320.500000,2.314286
321.742000,2.371429
323.019000,2.371429
324.335000,2.314286
325.586000,2.371429
326.883000,2.371429
328.138000,2.371429
329.428000,2.371429
330.685000,2.371429
331.986000,2.371429
333.242000,2.371429
334.518000,2.371429
335.747000,2.428571
337.024000,2.371429
338.281000,2.428571
339.557000,2.371429
340.804000,2.371429
342.049000,2.542857
343.325000,2.428571
344.579000,2.428571
345.837000,2.542857
347.079000,2.542857
348.339000,2.542857
349.595000,2.542857
350.850000,2.542857
352.097000,2.542857
353.390000,2.542857
354.672000,2.542857
355.913000,2.542857
357.154000,2.542857
358.391000,2.542857
359.650000,2.542857
360.901000,2.714286
362.159000,2.542857
363.400000,2.714286
364.658000,2.714286
365.914000,2.714286
367.176000,2.542857
368.405000,2.714286
369.642000,2.714286
370.893000,2.714286
372.132000,2.542857
373.388000,2.542857
374.634000,2.542857
375.874000,2.542857
377.118000,2.771429
378.371000,2.542857
379.622000,2.542857
380.879000,2.542857
382.143000,2.542857
383.391000,2.542857
384.636000,2.485714
385.885000,2.542857
387.122000,2.714286
388.373000,2.542857
389.616000,2.542857
390.870000,2.542857
392.108000,2.542857
393.374000,2.542857
394.624000,2.542857
395.874000,2.485714
397.100000,2.485714
398.376000,2.542857
399.647000,2.542857
400.000000,2.542857
