0.0,0.0
1.2510000000002,0.0555555555555555
2.50200000000041,0.277777777777778
3.75,0.277777777777778
5.01800000000003,0.277777777777778
6.30099999999948,0.388888888888889
7.55900000000111,0.0555555555555555
8.82099999999991,0.166666666666667
10.0760000000009,0.333333333333333
11.3580000000002,0.333333333333333
12.5950000000012,0.333333333333333
13.8540000000012,0.333333333333333
15.1010000000006,0.111111111111111
16.371000000001,0.333333333333333
17.6589999999997,0.333333333333333
18.9030000000002,0.277777777777778
20.152,0.388888888888889
21.402,0.111111111111111
22.6820000000007,0.111111111111111
23.9349999999995,0.166666666666667
25.1910000000007,0.222222222222222
26.4320000000007,0.222222222222222
27.6990000000005,0.222222222222222
28.9969999999994,0.277777777777778
30.264000000001,0.388888888888889
31.5249999999996,0.388888888888889
32.7710000000006,0.388888888888889
34.0249999999996,0.388888888888889
35.3080000000009,0.388888888888889
36.5590000000011,0.388888888888889
37.8170000000009,0.333333333333333
39.0650000000005,0.388888888888889
40.3160000000007,0.388888888888889
41.5730000000003,0.388888888888889
42.8279999999995,0.388888888888889
44.0720000000001,0.333333333333333
45.3639999999996,0.333333333333333
46.6380000000008,0.333333333333333
47.9320000000007,0.444444444444444
49.1890000000003,0.388888888888889
50.4300000000003,0.444444444444444
51.7080000000005,0.388888888888889
52.9600000000009,0.388888888888889
54.2070000000003,0.388888888888889
55.4670000000006,0.444444444444444
56.7209999999995,0.388888888888889
57.982,0.444444444444444
59.237000000001,0.444444444444444
60.4799999999996,0.444444444444444
61.737000000001,0.444444444444444
63.005000000001,0.444444444444444
64.2860000000001,0.444444444444444
65.5349999999999,0.444444444444444
66.7649999999994,0.444444444444444
68.0419999999995,0.444444444444444
69.3000000000011,0.444444444444444
70.5770000000011,0.722222222222222
71.8360000000011,0.444444444444444
73.0840000000007,0.722222222222222
74.3649999999998,0.5
75.6149999999998,0.277777777777778
76.8760000000002,0.722222222222222
78.1219999999994,0.777777777777778
79.3960000000006,0.722222222222222
80.6620000000003,0.5
81.9210000000003,0.5
83.1810000000005,0.722222222222222
84.4439999999995,0.722222222222222
85.7160000000003,0.5
86.9920000000002,0.722222222222222
88.2559999999994,0.722222222222222
89.5059999999994,0.722222222222222
90.75,0.722222222222222
92.0360000000001,0.777777777777778
93.2910000000011,0.722222222222222
94.5529999999999,0.777777777777778
95.7980000000007,0.555555555555555
98.3230000000003,0.611111111111111
99.5869999999995,0.611111111111111
100.811,0.611111111111111
102.079,0.611111111111111
103.396000000001,0.555555555555555
105.952000000001,0.611111111111111
107.207,0.777777777777778
108.460000000001,0.555555555555555
110.991,0.666666666666667
114.77,0.611111111111111
116.049000000001,0.611111111111111
117.297,0.611111111111111
118.548000000001,0.611111111111111
119.800999999999,0.611111111111111
121.078,0.666666666666667
122.495000000001,1.0
124.025,1.0
125.273000000001,0.666666666666667
127.782999999999,0.611111111111111
129.056,0.666666666666667
130.299000000001,0.666666666666667
132.811,0.666666666666667
134.081,0.666666666666667
136.625,0.666666666666667
137.9,0.944444444444444
140.419,1.0
141.681,0.722222222222222
144.154,0.888888888888889
145.429,0.722222222222222
146.695,0.722222222222222
147.962,0.722222222222222
149.220000000001,0.722222222222222
150.466,0.722222222222222
151.735000000001,0.888888888888889
152.99,0.888888888888889
154.248,0.722222222222222
155.491,0.722222222222222
156.769,0.722222222222222
158.039000000001,0.888888888888889
159.284,0.722222222222222
160.529,0.722222222222222
161.782000000001,0.722222222222222
163.041999999999,0.722222222222222
164.297,0.722222222222222
165.541999999999,0.888888888888889
166.798000000001,0.722222222222222
168.046,0.888888888888889
169.314,0.777777777777778
170.57,0.722222222222222
171.822,0.777777777777778
173.099,0.722222222222222
174.368,0.888888888888889
175.637000000001,0.777777777777778
176.871999999999,0.777777777777778
178.133,0.833333333333333
179.416000000001,0.833333333333333
180.678,0.777777777777778
184.455,0.888888888888889
185.721,0.888888888888889
186.984,0.833333333333333
188.229000000001,0.888888888888889
189.482,0.833333333333333
191.998,0.833333333333333
193.251,0.833333333333333
195.780000000001,0.833333333333333
199.629000000001,0.833333333333333
202.130000000001,0.888888888888889
204.675000000001,0.888888888888889
205.924000000001,1.0
207.166999999999,1.0
208.438,0.888888888888889
209.688,1.0
210.951000000001,0.944444444444444
212.198,0.888888888888889
213.470000000001,0.944444444444444
215.985000000001,0.944444444444444
217.244000000001,0.944444444444444
219.847,0.944444444444444
221.132,1.22222222222222
222.402,0.944444444444444
223.666999999999,0.944444444444444
224.902,0.944444444444444
226.163,1.0
227.416000000001,1.22222222222222
228.684999999999,1.0
229.968000000001,1.22222222222222
231.203,1.0
232.474,1.33333333333333
233.719000000001,1.27777777777778
234.978000000001,1.16666666666667
236.226000000001,1.16666666666667
237.499,1.22222222222222
238.987000000001,1.16666666666667
240.235000000001,1.16666666666667
241.486000000001,1.22222222222222
244.014999999999,1.22222222222222
245.266,1.22222222222222
246.516,1.22222222222222
247.779,1.27777777777778
249.082,1.27777777777778
250.326000000001,1.27444444444444
255.379000000001,1.16333333333333
256.620000000001,1.10777777777778
257.874,1.16333333333333
259.156000000001,1.33
276.806,1.21888888888889
279.291999999999,1.27444444444444
283.068000000001,1.27444444444444
285.558000000001,1.49666666666667
288.155000000001,1.44111111111111
289.424000000001,1.33
290.657999999999,1.33
293.172,1.33
294.470000000001,1.38555555555556
295.732,1.33
296.970000000001,1.33
298.224,1.33
299.49,1.33
300.743,1.38555555555556
302.057000000001,1.33
303.291000000001,1.44111111111111
304.552,1.44111111111111
305.823,1.49666666666667
307.07,1.38555555555556
308.332,1.49666666666667
309.577000000001,1.38555555555556
312.139999999999,1.49666666666667
313.402,1.44111111111111
314.659,1.44111111111111
315.9,1.44111111111111
317.198,1.44111111111111
318.472,1.44111111111111
319.73,1.44111111111111
320.965,1.44111111111111
326.032999999999,1.44111111111111
327.267,1.44111111111111
328.541000000001,1.55222222222222
329.83,1.44111111111111
332.346,1.60777777777778
334.860000000001,1.44111111111111
336.113000000001,1.44111111111111
342.475,1.49666666666667
355.071,1.44111111111111
362.657999999999,1.49666666666667
363.914000000001,1.49666666666667
365.210000000001,1.49666666666667
367.761,1.55222222222222
370.264000000001,1.49666666666667
371.565000000001,1.55222222222222
374.084000000001,1.55222222222222
375.345000000001,1.55222222222222
376.592000000001,1.55222222222222
377.883,1.55222222222222
379.166999999999,1.55222222222222
380.416000000001,1.49666666666667
381.710000000001,1.55222222222222
382.956,1.49666666666667
384.23,1.55222222222222
385.494000000001,1.55222222222222
386.727000000001,1.55222222222222
387.975,1.55222222222222
389.233,1.55222222222222
390.527,1.55222222222222
391.789000000001,1.55222222222222
393.023000000001,1.55222222222222
394.289000000001,1.55222222222222
395.563,1.55222222222222
396.824000000001,1.55222222222222
398.074000000001,1.55222222222222
399.309000000001,1.60777777777778
400.577000000001,1.66333333333333
401.844000000001,1.60777777777778
404.371000000001,1.66333333333333
405.615,1.66333333333333
406.897000000001,1.60777777777778
408.17,1.60777777777778
409.425999999999,1.60777777777778
