0.000000,0.000000
2.534000,0.111111
3.775000,0.111111
6.324000,0.111111
7.579000,0.111111
10.088000,0.111111
11.353000,0.055556
12.619000,0.055556
13.961000,0.055556
15.225000,0.111111
16.475000,0.111111
17.722000,0.222222
18.988000,0.277778
20.222000,0.277778
21.470000,0.277778
23.960000,0.388889
26.482000,0.444444
27.740000,0.444444
29.008000,0.111111
30.256000,0.111111
31.516000,0.555556
32.772000,0.611111
34.051000,0.111111
35.330000,0.111111
36.562000,0.111111
37.802000,0.111111
39.114000,0.111111
40.375000,0.666667
41.629000,0.666667
42.888000,0.888889
44.135000,0.944444
45.393000,0.944444
46.669000,1.000000
47.918000,1.000000
49.165000,0.722222
50.448000,1.000000
51.715000,0.944444
53.003000,0.777778
54.252000,0.777778
58.023000,1.055556
59.289000,0.888889
60.533000,0.888889
61.781000,0.944444
63.076000,0.944444
64.339000,0.944444
65.623000,1.222222
66.899000,1.222222
68.160000,1.222222
69.417000,1.222222
70.704000,1.166667
71.959000,1.000000
73.184000,1.277778
74.446000,1.166667
75.714000,1.333333
78.231000,1.166667
79.474000,1.000000
80.733000,1.333333
81.988000,1.000000
83.244000,1.055556
84.494000,1.388889
85.749000,1.166667
87.016000,1.277778
88.280000,1.333333
89.537000,1.388889
90.804000,1.333333
93.319000,1.222222
94.571000,1.166667
97.079000,1.500000
98.374000,1.166667
99.620000,1.166667
103.437000,1.166667
105.918000,1.388889
107.202000,1.166667
117.260000,1.277778
121.041000,1.277778
122.309000,1.277778
123.547000,1.555556
126.033000,1.411111
134.838000,1.466667
141.103000,1.466667
142.340000,1.411111
143.595000,1.633333
147.349000,1.188889
149.826000,1.466667
151.061000,1.466667
152.332000,1.522222
153.580000,1.411111
154.845000,1.466667
157.663000,1.466667
158.936000,1.411111
160.173000,1.466667
161.497000,1.411111
162.738000,1.411111
163.977000,1.411111
165.219000,1.411111
166.467000,1.411111
167.721000,1.355556
168.961000,1.411111
170.196000,1.466667
171.447000,1.411111
172.696000,1.411111
173.993000,1.411111
175.226000,1.411111
176.484000,1.411111
177.731000,1.411111
178.971000,1.411111
180.211000,1.411111
181.551000,1.411111
182.815000,1.411111
184.049000,1.411111
185.303000,1.411111
186.547000,1.411111
187.799000,1.411111
189.153000,1.411111
190.403000,1.411111
191.743000,1.411111
193.037000,1.466667
194.284000,1.466667
195.530000,1.411111
196.797000,1.466667
198.030000,1.466667
199.294000,1.466667
200.551000,1.522222
201.822000,1.466667
203.073000,1.466667
204.323000,1.466667
205.559000,1.522222
206.909000,1.522222
208.173000,1.522222
209.442000,1.577778
210.706000,1.577778
211.957000,1.577778
213.197000,1.577778
214.503000,1.577778
215.754000,1.577778
217.007000,1.633333
218.264000,1.633333
219.505000,1.688889
220.763000,1.744444
222.059000,1.688889
223.331000,1.688889
224.626000,1.744444
225.872000,1.744444
227.130000,1.744444
228.415000,1.800000
229.670000,1.855556
230.947000,1.855556
232.199000,1.855556
233.476000,1.911111
234.720000,1.911111
235.968000,1.855556
237.240000,1.966667
238.506000,1.966667
239.813000,2.022222
241.354000,2.022222
242.643000,2.133333
243.887000,2.133333
245.256000,2.133333
246.512000,2.077778
247.754000,2.022222
249.002000,2.077778
250.237000,2.077778
251.518000,2.077778
252.769000,2.411111
254.015000,2.466667
255.239000,2.077778
256.508000,2.077778
257.823000,2.077778
259.100000,2.077778
260.337000,2.077778
261.578000,2.133333
262.830000,2.188889
264.076000,2.633333
265.365000,2.188889
266.687000,2.188889
267.937000,2.188889
269.194000,2.244444
270.461000,2.244444
271.734000,2.244444
272.969000,2.244444
274.223000,2.244444
275.543000,2.300000
276.807000,2.300000
278.041000,2.300000
279.273000,2.300000
280.582000,2.355556
281.840000,2.522222
283.084000,2.522222
284.325000,2.522222
285.567000,2.522222
286.814000,2.522222
288.077000,2.522222
289.325000,2.522222
290.574000,2.522222
291.843000,2.522222
293.089000,2.522222
294.353000,2.522222
295.595000,2.522222
296.847000,2.522222
298.097000,2.522222
299.335000,2.522222
300.582000,2.522222
301.836000,2.522222
303.083000,2.522222
304.365000,2.522222
305.632000,2.466667
306.893000,2.466667
308.158000,2.522222
309.406000,2.522222
310.668000,2.577778
311.921000,2.577778
313.181000,2.577778
314.444000,2.577778
315.710000,2.577778
316.947000,2.577778
318.213000,2.577778
319.466000,2.577778
320.702000,2.577778
321.955000,2.577778
323.205000,2.577778
324.446000,2.577778
325.700000,2.577778
326.947000,2.577778
328.203000,2.577778
329.453000,2.577778
330.710000,2.577778
331.945000,2.577778
333.259000,2.577778
334.525000,2.577778
335.762000,2.577778
337.013000,2.577778
338.243000,2.633333
339.528000,2.633333
340.793000,2.633333
342.028000,2.633333
343.279000,2.633333
344.539000,2.633333
345.772000,2.744444
347.029000,2.744444
348.278000,2.744444
349.557000,2.744444
350.825000,2.744444
352.070000,2.744444
353.313000,2.744444
354.583000,2.744444
355.859000,2.744444
357.115000,2.744444
358.379000,2.744444
359.624000,2.744444
360.928000,2.744444
362.189000,2.744444
363.434000,2.650000
364.656000,2.650000
365.925000,2.705556
367.162000,2.927778
368.414000,2.927778
369.654000,2.927778
370.918000,2.927778
372.195000,2.927778
373.430000,2.927778
374.673000,2.927778
375.954000,2.927778
377.217000,2.927778
378.491000,2.927778
379.734000,2.927778
380.979000,2.927778
382.239000,2.927778
383.485000,2.927778
384.826000,2.927778
386.086000,2.927778
387.355000,2.927778
388.612000,2.927778
389.851000,2.927778
391.101000,2.927778
392.355000,2.927778
393.601000,2.927778
394.851000,2.927778
396.091000,2.927778
397.330000,2.927778
398.640000,2.927778
399.899000,2.761111
401.143000,2.761111
402.403000,2.872222
403.654000,2.872222
404.911000,2.872222
406.161000,2.872222
407.407000,2.872222
408.646000,2.872222
410.000000,2.872222
